2.39853173e-1	3.39903355e+0
2.28747711e-1	3.36440706e+0
2.18098000e-1	3.33380246e+0
2.09032387e-1	3.30905652e+0
2.00780064e-1	3.28043604e+0
1.93102673e-1	3.25257778e+0
1.84473798e-1	3.21670485e+0
1.77125946e-1	3.19093537e+0
1.68545797e-1	3.16563916e+0
1.61295936e-1	3.13020945e+0
1.52701288e-1	3.09949279e+0
1.44972891e-1	3.07000947e+0
1.37738913e-1	3.04116249e+0
1.30131990e-1	2.99935818e+0
1.21014990e-1	2.95523524e+0
1.11731969e-1	2.91369820e+0
1.03405222e-1	2.87287545e+0
9.43531021e-2	2.82407165e+0
8.53364989e-2	2.78280449e+0
7.84864873e-2	2.74743152e+0
7.05309659e-2	2.69816494e+0
6.17697127e-2	2.62667465e+0
5.21742329e-2	2.57107711e+0
4.32049781e-2	2.51881886e+0
3.51109616e-2	2.45418024e+0
2.58193146e-2	2.39376497e+0
1.81757919e-2	2.34812212e+0
1.17332684e-2	2.26456380e+0
3.14700534e-3	2.18553090e+0
-5.98817877e-3	2.11661744e+0
-1.38209993e-2	2.03983736e+0
-2.19472032e-2	1.96826518e+0
-2.91971993e-2	1.90137851e+0
-3.57058272e-2	1.82102716e+0
-4.25794534e-2	1.72597849e+0
-4.94471453e-2	1.64288080e+0
-5.61865605e-2	1.54964423e+0
-6.28857091e-2	1.44378269e+0
-6.92431107e-2	1.35133016e+0
-7.57072419e-2	1.25662100e+0
-8.13642219e-2	1.15477788e+0
-8.66516829e-2	1.04105926e+0
-9.25223753e-2	9.10602868e-1
-9.75046307e-2	8.06752920e-1
-1.02721564e-1	7.06579745e-1
-1.07998751e-1	5.87506831e-1
-1.13334931e-1	4.57553297e-1
-1.19824365e-1	3.23767424e-1
-1.25593677e-1	1.63148567e-1
-1.30843908e-1	1.54633606e-2
-1.37669057e-1	-1.52401075e-1
-1.45567834e-1	-3.04657698e-1
-1.51681989e-1	-4.51757014e-1
-1.59574494e-1	-5.90167284e-1
-1.68081462e-1	-7.45256841e-1
-1.74595743e-1	-8.93635392e-1
-1.81759268e-1	-1.03676152e+0
-1.89357072e-1	-1.17477441e+0
-1.98290676e-1	-1.31394851e+0
-2.07986593e-1	-1.44264388e+0
-2.15871960e-1	-1.55968583e+0
-2.25491345e-1	-1.67713189e+0
-2.35335693e-1	-1.83143914e+0
-2.46156842e-1	-1.95152438e+0
-2.56955594e-1	-2.06857300e+0
-2.67810404e-1	-2.17044854e+0
-2.78227538e-1	-2.29683089e+0
-2.92224735e-1	-2.40753126e+0
-3.07741255e-1	-2.50937605e+0
-3.21966410e-1	-2.62534189e+0
-3.33290815e-1	-2.71242380e+0
-3.47988755e-1	-2.82446098e+0
-3.66607994e-1	-2.92737603e+0
-3.86001766e-1	-3.01549911e+0
-4.02689487e-1	-3.09615421e+0
-4.21482980e-1	-3.16776943e+0
-4.40553963e-1	-3.27494574e+0
-4.62567121e-1	-3.36431646e+0
-4.85831887e-1	-3.44029117e+0
-5.10034621e-1	-3.51516962e+0
-5.34235597e-1	-3.57997584e+0
-5.57031631e-1	-3.64102435e+0
-5.87168872e-1	-3.71911478e+0
-6.13165438e-1	-3.76577449e+0
-6.30586028e-1	-3.80434465e+0
-6.48920417e-1	-3.84197474e+0
-6.65315688e-1	-3.86900759e+0
-6.82445526e-1	-3.90719295e+0
-7.06928313e-1	-3.94926882e+0
-7.30500340e-1	-3.98521209e+0
-7.54251003e-1	-4.02614641e+0
-7.74381697e-1	-4.06057644e+0
-7.95866430e-1	-4.09106779e+0
-8.17278504e-1	-4.12158680e+0
-8.41844797e-1	-4.15785408e+0
-8.68977010e-1	-4.18574429e+0
-8.94501150e-1	-4.21677065e+0
-9.15053427e-1	-4.23714590e+0
-9.32938159e-1	-4.25607061e+0
-9.49329197e-1	-4.27306032e+0
-9.67385054e-1	-4.29526901e+0
-9.86075878e-1	-4.31499958e+0
-1.00722587e+0	-4.32702684e+0
-1.01946604e+0	-4.34049320e+0
-1.03246963e+0	-4.35135746e+0
-1.04317117e+0	-4.35989571e+0
-1.05014145e+0	-4.36766243e+0
-1.05815876e+0	-4.37369490e+0
-1.06696916e+0	-4.38166571e+0
-1.07433212e+0	-4.38848782e+0
-1.08186030e+0	-4.39440775e+0
-1.08834457e+0	-4.39876032e+0
-1.09460211e+0	-4.40335608e+0
-1.09876657e+0	-4.40703440e+0
-1.10250807e+0	-4.41104889e+0
-1.10518742e+0	-4.41273737e+0
-1.10807526e+0	-4.41412449e+0
-1.11068916e+0	-4.41515684e+0
-1.11090016e+0	-4.41690969e+0
-1.11029673e+0	-4.41328239e+0
-1.10860002e+0	-4.41400909e+0
-1.10541880e+0	-4.41031647e+0
-1.10125363e+0	-4.40484095e+0
-1.09768093e+0	-4.40389013e+0
-1.09390342e+0	-4.40087891e+0
-1.09005499e+0	-4.39747238e+0
-1.08668077e+0	-4.39528179e+0
-1.08437407e+0	-4.39329004e+0
-1.08225000e+0	-4.39054537e+0
-1.08053637e+0	-4.39147663e+0
-1.07882595e+0	-4.39025831e+0
-1.07619619e+0	-4.38836813e+0
-1.07210457e+0	-4.38266993e+0
-1.06757379e+0	-4.38110065e+0
-1.06298900e+0	-4.37769651e+0
-1.05781424e+0	-4.37489223e+0
-1.05344903e+0	-4.37132931e+0
-1.04977560e+0	-4.36843348e+0
-1.04678428e+0	-4.36735630e+0
-1.04423940e+0	-4.36507654e+0
-1.04071367e+0	-4.36295080e+0
-1.03738797e+0	-4.36033869e+0
-1.03462327e+0	-4.35942650e+0
-1.03250122e+0	-4.35808372e+0
-1.03147519e+0	-4.35724306e+0
-1.02985835e+0	-4.35756731e+0
-1.02858841e+0	-4.35505104e+0
-1.02636373e+0	-4.35537243e+0
-1.02410758e+0	-4.35202551e+0
-1.02105319e+0	-4.34762812e+0
-1.01740217e+0	-4.34595728e+0
-1.01405704e+0	-4.34308767e+0
-1.01054025e+0	-4.33949852e+0
-1.00581372e+0	-4.33523273e+0
-1.00293303e+0	-4.33579493e+0
-1.00119185e+0	-4.33349657e+0
-9.99618411e-1	-4.33431053e+0
-9.97965932e-1	-4.33291245e+0
-9.97853577e-1	-4.33307934e+0
-9.97217000e-1	-4.33204174e+0
-9.96350229e-1	-4.32994032e+0
-9.95353818e-1	-4.32956791e+0
-9.94992018e-1	-4.33137894e+0
-9.94523585e-1	-4.33105946e+0
-9.94216025e-1	-4.33001900e+0
-9.93681133e-1	-4.33001947e+0
-9.93714869e-1	-4.32993364e+0
-9.93759751e-1	-4.32864761e+0
-9.94487047e-1	-4.33007383e+0
-9.94555831e-1	-4.32953310e+0
-9.95278001e-1	-4.33131313e+0
-9.96032596e-1	-4.33129740e+0
-9.95581448e-1	-4.33046722e+0
-9.94589984e-1	-4.32948971e+0
-9.93967950e-1	-4.33011055e+0
-9.93545651e-1	-4.32867765e+0
-9.92163599e-1	-4.32622242e+0
-9.90059614e-1	-4.32545471e+0
-9.86934602e-1	-4.32169247e+0
-9.83636737e-1	-4.31979275e+0
-9.80941117e-1	-4.32014322e+0
-9.78663683e-1	-4.31886911e+0
-9.75155473e-1	-4.31555271e+0
-9.71902549e-1	-4.31390333e+0
-9.68500614e-1	-4.30960608e+0
-9.64897037e-1	-4.30500841e+0
-9.61973727e-1	-4.30671453e+0
-9.61339533e-1	-4.30520153e+0
-9.60493505e-1	-4.30498600e+0
-9.60225642e-1	-4.30507708e+0
-9.59631801e-1	-4.30278254e+0
-9.58650351e-1	-4.30246878e+0
-9.57309067e-1	-4.30165291e+0
-9.55636144e-1	-4.30132008e+0
-9.54431295e-1	-4.30017281e+0
-9.52312827e-1	-4.29767179e+0
-9.49192107e-1	-4.29601812e+0
-9.46617365e-1	-4.29446888e+0
-9.44561541e-1	-4.28969002e+0
-9.41865027e-1	-4.29020834e+0
-9.38895404e-1	-4.28495359e+0
-9.33701873e-1	-4.27973127e+0
-9.26513970e-1	-4.27478600e+0
-9.20385659e-1	-4.27139378e+0
-9.15609121e-1	-4.26632977e+0
-9.10696149e-1	-4.26252270e+0
-9.06572819e-1	-4.25843000e+0
-9.01986837e-1	-4.25369596e+0
-8.96687031e-1	-4.24972534e+0
-8.92630160e-1	-4.24772453e+0
-8.89609516e-1	-4.24408674e+0
-8.86286676e-1	-4.24131060e+0
-8.83280873e-1	-4.23891735e+0
-8.81255269e-1	-4.24001884e+0
-8.81365955e-1	-4.23879528e+0
-8.80773842e-1	-4.23877716e+0
-8.80486667e-1	-4.23705149e+0
-8.80582392e-1	-4.23696089e+0
-8.81483197e-1	-4.24038267e+0
-8.82335067e-1	-4.23889589e+0
-8.83075535e-1	-4.24208593e+0
-8.82301688e-1	-4.23752928e+0
-8.80227387e-1	-4.23768520e+0
-8.77407193e-1	-4.23385143e+0
-8.76104176e-1	-4.23345518e+0
-8.74802351e-1	-4.23115778e+0
-8.72649014e-1	-4.22790956e+0
-8.68895829e-1	-4.22404814e+0
-8.63455296e-1	-4.22071552e+0
-8.59094858e-1	-4.21588564e+0
-8.53233159e-1	-4.21129894e+0
-8.47466588e-1	-4.20723391e+0
-8.41740787e-1	-4.20067120e+0
-8.34969699e-1	-4.19491196e+0
-8.29742849e-1	-4.18857288e+0
-8.25441003e-1	-4.18594122e+0
-8.22312891e-1	-4.18321466e+0
-8.19009960e-1	-4.18040323e+0
-8.15786660e-1	-4.17645216e+0
-8.13365996e-1	-4.17438459e+0
-8.11083078e-1	-4.17321157e+0
-8.09668243e-1	-4.17293358e+0
-8.09310734e-1	-4.17253780e+0
-8.08605611e-1	-4.17241383e+0
-8.08694363e-1	-4.16982937e+0
-8.09508443e-1	-4.17394686e+0
-8.11037421e-1	-4.17638063e+0
-8.13055456e-1	-4.17649698e+0
-8.14885974e-1	-4.17857409e+0
-8.16216707e-1	-4.17931557e+0
-8.18562508e-1	-4.18288088e+0
-8.21804881e-1	-4.18650389e+0
-8.24149847e-1	-4.18760204e+0
-8.26540709e-1	-4.19145203e+0
-8.28832567e-1	-4.19022036e+0
-8.29977632e-1	-4.19219303e+0
-8.30513597e-1	-4.19378185e+0
-8.30490708e-1	-4.19249439e+0
-8.29859078e-1	-4.19207478e+0
-8.28785419e-1	-4.19106674e+0
-8.26905251e-1	-4.18724203e+0
-8.24952185e-1	-4.18732691e+0
-8.23257864e-1	-4.18394518e+0
-8.21941197e-1	-4.18486786e+0
-8.22380781e-1	-4.18489838e+0
-8.23424280e-1	-4.18670225e+0
-8.25306833e-1	-4.18813181e+0
-8.26626539e-1	-4.18893909e+0
-8.27880085e-1	-4.19152975e+0
-8.29477370e-1	-4.19370222e+0
-8.30282390e-1	-4.19433975e+0
-8.30905557e-1	-4.19346523e+0
-8.32444370e-1	-4.19506598e+0
-8.33017647e-1	-4.19543982e+0
-8.32838535e-1	-4.19397068e+0
-8.32596660e-1	-4.19443369e+0
-8.32241297e-1	-4.19393873e+0
-8.32486391e-1	-4.19549513e+0
-8.33214879e-1	-4.19555235e+0
-8.34331751e-1	-4.19671488e+0
-8.33893597e-1	-4.19475651e+0
-8.33923936e-1	-4.19770432e+0
-8.34016383e-1	-4.19706440e+0
-8.33594918e-1	-4.19691944e+0
-8.33659053e-1	-4.19600821e+0
-8.33561957e-1	-4.19738436e+0
-8.32470775e-1	-4.19296885e+0
-8.31359208e-1	-4.19239807e+0
-8.30588818e-1	-4.19268751e+0
-8.28630865e-1	-4.19052696e+0
-8.27409208e-1	-4.18787384e+0
-8.25727165e-1	-4.18628216e+0
-8.23927283e-1	-4.18774652e+0
-8.23617995e-1	-4.18638468e+0
-8.23084712e-1	-4.18478298e+0
-8.21812034e-1	-4.18389177e+0
-8.20435345e-1	-4.18348694e+0
-8.20306063e-1	-4.18338490e+0
-8.20415020e-1	-4.18400049e+0
-8.19801748e-1	-4.18384647e+0
-8.19622934e-1	-4.18352270e+0
-8.19003105e-1	-4.18266153e+0
-8.17993820e-1	-4.18060398e+0
-8.16507578e-1	-4.17879057e+0
-8.13764215e-1	-4.17384815e+0
-8.09521914e-1	-4.17151880e+0
-8.05330396e-1	-4.16640997e+0
-7.99885511e-1	-4.15931559e+0
-7.93814540e-1	-4.15410042e+0
-7.87921131e-1	-4.14884090e+0
-7.83353984e-1	-4.14664555e+0
-7.81230688e-1	-4.14214945e+0
-7.78062522e-1	-4.13818359e+0
-7.74817348e-1	-4.13691378e+0
-7.70658791e-1	-4.12868071e+0
-7.65758753e-1	-4.12356520e+0
-7.59048104e-1	-4.11638403e+0
-7.51349509e-1	-4.10516262e+0
-7.43450761e-1	-4.10029459e+0
-7.36333430e-1	-4.09381199e+0
-7.30242491e-1	-4.08647585e+0
-7.23902702e-1	-4.08006382e+0
-7.17015922e-1	-4.07221460e+0
-7.10623085e-1	-4.06217098e+0
-7.02511549e-1	-4.05453062e+0
-6.94651246e-1	-4.04715300e+0
-6.87410951e-1	-4.03651953e+0
-6.77852571e-1	-4.02769566e+0
-6.67290151e-1	-4.00894737e+0
-6.54862225e-1	-3.99311304e+0
-6.43258095e-1	-3.97853160e+0
-6.32005155e-1	-3.96239233e+0
-6.21053696e-1	-3.94695807e+0
-6.07829034e-1	-3.93486476e+0
-5.97487330e-1	-3.91928959e+0
-5.86687267e-1	-3.90033889e+0
-5.71974039e-1	-3.87546968e+0
-5.56669354e-1	-3.85118961e+0
-5.42281210e-1	-3.83251381e+0
-5.28398216e-1	-3.81030583e+0
-5.16893804e-1	-3.79450417e+0
-5.06243050e-1	-3.77908850e+0
-4.96634394e-1	-3.75929713e+0
-4.86048162e-1	-3.73573685e+0
-4.73881304e-1	-3.71198392e+0
-4.63048518e-1	-3.69250727e+0
-4.51901466e-1	-3.67189336e+0
-4.39515114e-1	-3.65111256e+0
-4.28648293e-1	-3.62726688e+0
-4.16954011e-1	-3.60679960e+0
-4.07470822e-1	-3.58531380e+0
-3.96709949e-1	-3.55582881e+0
-3.84480000e-1	-3.52030087e+0
-3.69888395e-1	-3.49267673e+0
-3.56472462e-1	-3.46288276e+0
-3.45948756e-1	-3.43897867e+0
-3.35225105e-1	-3.41297317e+0
-3.26279879e-1	-3.38931918e+0
-3.17436576e-1	-3.35903835e+0
-3.07673544e-1	-3.32287407e+0
-2.93982327e-1	-3.28182673e+0
-2.80153990e-1	-3.24948931e+0
-2.69082755e-1	-3.22124791e+0
-2.59467423e-1	-3.18641329e+0
-2.50155479e-1	-3.15724158e+0
-2.40692794e-1	-3.11648846e+0
-2.29980871e-1	-3.06790733e+0
-2.16216192e-1	-3.02645397e+0
-2.06153899e-1	-2.97972345e+0
-1.94443986e-1	-2.94389462e+0
-1.85258299e-1	-2.89578772e+0
-1.73962802e-1	-2.83743477e+0
-1.61632493e-1	-2.77814436e+0
-1.51035249e-1	-2.72304630e+0
-1.39793992e-1	-2.66800904e+0
-1.28995135e-1	-2.60795546e+0
-1.16929144e-1	-2.53719234e+0
-1.05654716e-1	-2.46000981e+0
-9.48876664e-2	-2.38988996e+0
-8.46027583e-2	-2.31168818e+0
-7.29861185e-2	-2.20916319e+0
-6.20121025e-2	-2.11801314e+0
-4.95859571e-2	-2.02655578e+0
-3.84402610e-2	-1.93002295e+0
-2.78836153e-2	-1.80643821e+0
-1.85550414e-2	-1.70460856e+0
-1.00473920e-2	-1.60644019e+0
-1.57612527e-3	-1.48361659e+0
6.96096802e-3	-1.37327003e+0
1.42959701e-2	-1.28078520e+0
2.07990855e-2	-1.16140866e+0
2.87097152e-2	-1.02831590e+0
3.52718271e-2	-9.07008827e-1
4.11867537e-2	-7.85157740e-1
4.72071618e-2	-6.48927331e-1
5.32565266e-2	-5.19700944e-1
5.90182208e-2	-3.96593481e-1
6.43902421e-2	-2.76636124e-1
7.01086447e-2	-1.40329540e-1
7.53020197e-2	-2.31862962e-2
8.01869929e-2	1.02131471e-1
8.56453106e-2	2.28712410e-1
9.08281803e-2	3.60486537e-1
9.73760113e-2	4.85319972e-1
1.03204757e-1	6.05964482e-1
1.09525800e-1	7.58038104e-1
1.16849549e-1	8.89956236e-1
1.23488367e-1	1.01911354e+0
1.29714951e-1	1.15188611e+0
1.37539223e-1	1.29899716e+0
1.47480160e-1	1.43689251e+0
1.57518372e-1	1.57517135e+0
1.66734442e-1	1.72136247e+0
1.76797837e-1	1.87580454e+0
1.88733459e-1	2.01656342e+0
2.00042740e-1	2.15780163e+0
2.13130116e-1	2.29422808e+0
2.27843925e-1	2.42081022e+0
2.43731782e-1	2.53943133e+0
2.58621901e-1	2.67386270e+0
2.73596913e-1	2.77053595e+0
2.87687242e-1	2.86912632e+0
3.03266048e-1	2.97027636e+0
3.19644898e-1	3.05151987e+0
3.35854501e-1	3.13564062e+0
3.52883786e-1	3.21491861e+0
3.72264743e-1	3.31403732e+0
3.93279284e-1	3.40256476e+0
4.15343851e-1	3.48940229e+0
4.38872576e-1	3.57252884e+0
4.64634389e-1	3.64227891e+0
4.94352698e-1	3.73029542e+0
5.25237262e-1	3.80515647e+0
5.51336110e-1	3.86693120e+0
5.76864362e-1	3.92327571e+0
5.98301888e-1	3.96078134e+0
6.20284259e-1	4.00905895e+0
6.46617293e-1	4.05415106e+0
6.73115849e-1	4.09041977e+0
6.94303691e-1	4.13032961e+0
7.18610048e-1	4.17526722e+0
7.47013509e-1	4.21331930e+0
7.74786651e-1	4.25192070e+0
8.04347396e-1	4.28599119e+0
8.30830753e-1	4.31552267e+0
8.55477571e-1	4.34432840e+0
8.81331086e-1	4.37132788e+0
9.02891219e-1	4.39783001e+0
9.25059080e-1	4.41893196e+0
9.43458974e-1	4.43861580e+0
9.62890267e-1	4.45450735e+0
9.80824530e-1	4.46583223e+0
9.96004641e-1	4.47897291e+0
1.00881302e+0	4.49387312e+0
1.02031529e+0	4.50130987e+0
1.02995443e+0	4.51073074e+0
1.03853548e+0	4.51392651e+0
1.04527581e+0	4.51972532e+0
1.05024970e+0	4.52584410e+0
1.05407345e+0	4.52826214e+0
1.05562532e+0	4.52514887e+0
1.05600798e+0	4.52821779e+0
1.05613911e+0	4.52790928e+0
1.05407059e+0	4.52449226e+0
1.05232251e+0	4.52438021e+0
1.04936540e+0	4.51966810e+0
1.04553640e+0	4.51684809e+0
1.04118931e+0	4.51478100e+0
1.03602386e+0	4.50965834e+0
1.03060007e+0	4.50482178e+0
1.02289402e+0	4.49953222e+0
1.01184261e+0	4.49044609e+0
1.00130010e+0	4.48398352e+0
9.89887893e-1	4.47345877e+0
9.77773190e-1	4.46373034e+0
9.65253234e-1	4.45416117e+0
9.52528238e-1	4.44196796e+0
9.38819408e-1	4.43452883e+0
9.24398720e-1	4.42444801e+0
9.09860253e-1	4.41377163e+0
8.96060228e-1	4.40071821e+0
8.81613612e-1	4.38742971e+0
8.66264701e-1	4.37703943e+0
8.50742042e-1	4.36286688e+0
8.35417688e-1	4.34924173e+0
8.21088493e-1	4.34124374e+0
8.07419181e-1	4.32648802e+0
7.90825665e-1	4.30918455e+0
7.77124584e-1	4.29506779e+0
7.63240814e-1	4.28010559e+0
7.48088002e-1	4.26303673e+0
7.34277964e-1	4.25326777e+0
7.21766174e-1	4.24233675e+0
7.06374049e-1	4.22634554e+0
6.91695213e-1	4.20818520e+0
6.78181410e-1	4.19332552e+0
6.65116072e-1	4.17699242e+0
6.51155531e-1	4.16158056e+0
6.38235450e-1	4.14937305e+0
6.25512123e-1	4.13573503e+0
6.12760067e-1	4.12085772e+0
5.98467231e-1	4.09844446e+0
5.86181581e-1	4.08120251e+0
5.73271394e-1	4.06162596e+0
5.59148312e-1	4.04269695e+0
5.45626760e-1	4.02614164e+0
5.32962263e-1	4.00788832e+0
5.18185139e-1	3.98399043e+0
5.04654408e-1	3.96454453e+0
4.92595851e-1	3.94569349e+0
4.80661511e-1	3.92724776e+0
4.68919903e-1	3.90909266e+0
4.58997726e-1	3.89605188e+0
4.51100230e-1	3.88715339e+0
4.43064392e-1	3.87170339e+0
4.34834063e-1	3.85820270e+0
4.26663071e-1	3.84247208e+0
4.17599767e-1	3.82381964e+0
4.09608960e-1	3.81171608e+0
4.02917266e-1	3.79821730e+0
3.95686418e-1	3.78429866e+0
3.87819022e-1	3.77021813e+0
3.79524767e-1	3.75110698e+0
3.71184647e-1	3.73602653e+0
3.64494383e-1	3.72311854e+0
3.58799398e-1	3.71299219e+0
3.51987898e-1	3.69347548e+0
3.44384640e-1	3.68131733e+0
3.37708294e-1	3.66514301e+0
3.29690427e-1	3.64609838e+0
3.23876709e-1	3.63128328e+0
3.19271803e-1	3.62189245e+0
3.15381527e-1	3.61364698e+0
3.10431570e-1	3.60019898e+0
3.04686993e-1	3.58669662e+0
2.98938721e-1	3.57266712e+0
2.93488055e-1	3.56075835e+0
2.89040864e-1	3.55108166e+0
2.85388350e-1	3.53892446e+0
2.81643033e-1	3.53107905e+0
2.78393328e-1	3.52181840e+0
2.74412602e-1	3.51206779e+0
2.68772602e-1	3.49285460e+0
2.61800110e-1	3.47174621e+0
2.54330158e-1	3.44873476e+0
2.46101871e-1	3.42490745e+0
2.38606840e-1	3.40393162e+0
2.31763333e-1	3.38712311e+0
2.25414768e-1	3.36504626e+0