9.14143324e-1	1.09484398e+0
8.57917845e-1	9.99874115e-1
8.01592946e-1	8.59274864e-1
7.37556994e-1	7.39306629e-1
6.78634763e-1	6.26107693e-1
6.29813135e-1	5.07001936e-1
5.74442029e-1	3.91724944e-1
5.27047575e-1	2.85243779e-1
4.81862724e-1	1.83936059e-1
4.28919375e-1	5.05834073e-2
3.82116586e-1	-5.66990934e-2
3.38033974e-1	-1.59303188e-1
2.96509385e-1	-2.55907208e-1
2.51389086e-1	-3.54593784e-1
2.15088949e-1	-4.51920390e-1
1.76195413e-1	-5.47108829e-1
1.30126506e-1	-6.34625018e-1
9.49320272e-2	-7.23814309e-1
5.89568540e-2	-8.01673055e-1
2.75859442e-2	-8.71333957e-1
-5.59939491e-3	-9.36107576e-1
-4.14136574e-2	-1.02312362e+0
-7.50434324e-2	-1.08849561e+0
-1.11105554e-1	-1.14293849e+0
-1.49689704e-1	-1.21296179e+0
-1.87453732e-1	-1.27915370e+0
-2.23780274e-1	-1.32960284e+0
-2.55481988e-1	-1.38181841e+0
-2.85153389e-1	-1.43029666e+0
-3.30587417e-1	-1.49920714e+0
-3.74281853e-1	-1.55583858e+0
-4.12627846e-1	-1.60230374e+0
-4.47007507e-1	-1.64433658e+0
-4.88708198e-1	-1.68869734e+0
-5.32961786e-1	-1.75336146e+0
-5.83230257e-1	-1.80466425e+0
-6.35484457e-1	-1.85001493e+0
-6.85545027e-1	-1.89698923e+0
-7.40240157e-1	-1.95133483e+0
-8.00044477e-1	-1.99362826e+0
-8.52749288e-1	-2.03816247e+0
-9.04968739e-1	-2.08568430e+0
-9.74300265e-1	-2.13338351e+0
-1.03846610e+0	-2.17614841e+0
-1.09666049e+0	-2.21447682e+0
-1.15686858e+0	-2.25037408e+0
-1.22587514e+0	-2.29385972e+0
-1.29684567e+0	-2.34098101e+0
-1.36626518e+0	-2.37621140e+0
-1.45650339e+0	-2.41704249e+0
-1.53450036e+0	-2.45715213e+0
-1.61362016e+0	-2.49164319e+0
-1.68700254e+0	-2.52746820e+0
-1.76309717e+0	-2.56224251e+0
-1.83588731e+0	-2.59200335e+0
-1.91174948e+0	-2.61835623e+0
-1.99556661e+0	-2.65278006e+0
-2.08600187e+0	-2.67698073e+0
-2.16483426e+0	-2.70293665e+0
-2.25799537e+0	-2.73291373e+0
-2.34729815e+0	-2.76438928e+0
-2.42857313e+0	-2.79341412e+0
-2.54302359e+0	-2.82124233e+0
-2.63573122e+0	-2.84818006e+0
-2.73138237e+0	-2.87337470e+0
-2.82133937e+0	-2.89311624e+0
-2.89155149e+0	-2.91607356e+0
-2.97067356e+0	-2.93400574e+0
-3.04892468e+0	-2.95186877e+0
-3.12181258e+0	-2.96817827e+0
-3.17583323e+0	-2.97946310e+0
-3.22364306e+0	-2.98804545e+0
-3.25258923e+0	-2.99504113e+0
-3.27072191e+0	-2.99733543e+0
-3.26973224e+0	-2.99413729e+0
-3.25168586e+0	-2.98511958e+0
-3.21322393e+0	-2.97046590e+0
-3.15989184e+0	-2.95105624e+0
-3.08451796e+0	-2.92467022e+0
-3.00661826e+0	-2.88642812e+0
-2.91196465e+0	-2.84340262e+0
-2.77647257e+0	-2.79267502e+0
-2.64712310e+0	-2.72778463e+0
-2.52352762e+0	-2.66279411e+0
-2.37925625e+0	-2.58634353e+0
-2.25129795e+0	-2.49459672e+0
-2.11686516e+0	-2.39519119e+0
-1.96490669e+0	-2.27896738e+0
-1.82589638e+0	-2.15458059e+0
-1.67819607e+0	-2.01571631e+0
-1.55374897e+0	-1.87013793e+0
-1.42159545e+0	-1.70200038e+0
-1.30786359e+0	-1.53465140e+0
-1.18289912e+0	-1.34451532e+0
-1.07928443e+0	-1.16930532e+0
-9.76329446e-1	-9.79229867e-1
-8.74955237e-1	-7.98584878e-1
-7.77809501e-1	-6.07065618e-1
-7.03280866e-1	-4.06069189e-1
-6.21832728e-1	-2.28120804e-1
-5.34106314e-1	-4.44392487e-2
-4.59628493e-1	1.16952717e-1
-3.93753320e-1	2.76801407e-1
-3.27996343e-1	4.18393284e-1
-2.65602082e-1	5.79069078e-1
-2.15307906e-1	7.20629096e-1
-1.56017050e-1	8.46126974e-1
-9.60351378e-2	9.69102740e-1
-3.75672393e-2	1.08895254e+0
2.24768221e-2	1.19086313e+0
7.51802996e-2	1.28001869e+0
1.31595403e-1	1.39549351e+0
1.85886547e-1	1.49361348e+0
2.40646005e-1	1.57443559e+0
3.07560921e-1	1.66404319e+0
3.75816196e-1	1.73902130e+0
4.32516277e-1	1.80900168e+0
5.01431763e-1	1.88774252e+0
5.63368976e-1	1.95236754e+0
6.23236418e-1	2.01578999e+0
6.97102249e-1	2.07424879e+0
7.66967535e-1	2.13487554e+0
8.34142268e-1	2.17797899e+0
9.03397560e-1	2.24095559e+0
9.72118914e-1	2.29029226e+0
1.04961932e+0	2.33710527e+0
1.11623836e+0	2.38280416e+0
1.19073582e+0	2.42236781e+0
1.26066506e+0	2.46009254e+0
1.32608593e+0	2.49472904e+0
1.39229214e+0	2.53223896e+0
1.46775305e+0	2.57194638e+0
1.52882838e+0	2.59994054e+0
1.58871412e+0	2.62841058e+0
1.66182268e+0	2.65552282e+0
1.73116708e+0	2.68295479e+0
1.79335952e+0	2.71033311e+0
1.85571527e+0	2.73351264e+0
1.91639602e+0	2.75796747e+0
1.98613274e+0	2.78821945e+0
2.06010699e+0	2.80865550e+0
2.13217521e+0	2.83020806e+0
2.19485116e+0	2.85181832e+0
2.26967478e+0	2.87913728e+0
2.33371091e+0	2.90144730e+0
2.39405966e+0	2.91898155e+0
2.46359992e+0	2.93802547e+0
2.53312826e+0	2.95609045e+0
2.59404373e+0	2.97127748e+0
2.65716314e+0	2.98703909e+0
2.72111106e+0	3.00472045e+0
2.78187227e+0	3.01851702e+0
2.83270311e+0	3.03451729e+0
2.89377570e+0	3.04660535e+0
2.94736147e+0	3.05925274e+0
2.99970627e+0	3.07283401e+0
3.04209614e+0	3.08285975e+0
3.08840823e+0	3.09223294e+0
3.12382317e+0	3.10191679e+0
3.15786171e+0	3.10761547e+0
3.18453526e+0	3.11216021e+0
3.20492387e+0	3.11597013e+0
3.21790981e+0	3.11899233e+0
3.22463727e+0	3.11889839e+0
3.22272062e+0	3.11657572e+0
3.21667337e+0	3.11284184e+0
3.19579196e+0	3.10618496e+0
3.17182946e+0	3.09686351e+0
3.13727236e+0	3.08499074e+0
3.09946036e+0	3.06831098e+0
3.04991627e+0	3.05031419e+0
3.00477886e+0	3.02819991e+0
2.94421983e+0	3.00895762e+0
2.88746762e+0	2.98749352e+0
2.82261610e+0	2.95825195e+0
2.75910568e+0	2.93085241e+0
2.68649006e+0	2.89525008e+0
2.60593247e+0	2.85496426e+0
2.51325035e+0	2.81150627e+0
2.43433237e+0	2.77622104e+0
2.34890628e+0	2.71620011e+0
2.25540471e+0	2.66307521e+0
2.17097616e+0	2.60473537e+0
2.08872819e+0	2.54346108e+0
1.98138285e+0	2.47080493e+0
1.89833128e+0	2.40177321e+0
1.79926705e+0	2.31581616e+0
1.70770776e+0	2.22263241e+0
1.61103189e+0	2.12748170e+0
1.52519965e+0	2.02142406e+0
1.43450439e+0	1.90168810e+0
1.32709050e+0	1.79232061e+0
1.23946095e+0	1.66820288e+0
1.15299940e+0	1.52116668e+0
1.07688105e+0	1.38097739e+0
9.98950064e-1	1.25221455e+0
9.26137924e-1	1.10572469e+0
8.49615872e-1	9.75450397e-1