-2.40402770E+0	-1.28556800E+0
-2.60214972E+0	-1.36325824E+0
-2.77905440E+0	-1.44140732E+0
-2.95574999E+0	-1.50884533E+0
-3.14892030E+0	-1.57209301E+0
-3.31655598E+0	-1.63816214E+0
-3.48424864E+0	-1.69726729E+0
-3.63155675E+0	-1.74913335E+0
-3.79418063E+0	-1.80130458E+0
-3.93355656E+0	-1.84848118E+0
-4.06669378E+0	-1.88587129E+0
-4.19043303E+0	-1.92464542E+0
-4.32495165E+0	-1.96769106E+0
-4.45669985E+0	-2.00289059E+0
-4.56565380E+0	-2.03354621E+0
-4.67178631E+0	-2.06777906E+0
-4.76992130E+0	-2.09332132E+0
-4.85541201E+0	-2.11719131E+0
-4.93670988E+0	-2.13760233E+0
-5.00812054E+0	-2.15423083E+0
-5.06440639E+0	-2.16818810E+0
-5.10419035E+0	-2.17720580E+0
-5.12912130E+0	-2.18041205E+0
-5.14297771E+0	-2.18336797E+0
-5.14573193E+0	-2.18352127E+0
-5.13920879E+0	-2.17928505E+0
-5.11947966E+0	-2.17015147E+0
-5.09717655E+0	-2.15844631E+0
-5.06761408E+0	-2.14894962E+0
-5.03792000E+0	-2.13852954E+0
-5.00324678E+0	-2.12686896E+0
-4.96817827E+0	-2.11156321E+0
-4.92715693E+0	-2.09196663E+0
-4.87703133E+0	-2.07095289E+0
-4.82181597E+0	-2.05063200E+0
-4.76390457E+0	-2.02996206E+0
-4.70072269E+0	-2.00502038E+0
-4.62624645E+0	-1.97818124E+0
-4.56658030E+0	-1.94738460E+0
-4.48849058E+0	-1.91237450E+0
-4.39063740E+0	-1.87733305E+0
-4.30327082E+0	-1.84109664E+0
-4.20627069E+0	-1.79343188E+0
-4.08939743E+0	-1.75312543E+0
-3.98007131E+0	-1.70816648E+0
-3.85981369E+0	-1.64645314E+0
-3.73567843E+0	-1.58714759E+0
-3.58530259E+0	-1.52485383E+0
-3.44585919E+0	-1.45970380E+0
-3.30880380E+0	-1.39689922E+0
-3.15589929E+0	-1.33387840E+0
-3.02142644E+0	-1.27006102E+0
-2.89742303E+0	-1.19804621E+0
-2.75396824E+0	-1.12519610E+0
-2.59794688E+0	-1.06100595E+0
-2.47772932E+0	-1.00076473E+0
-2.35834646E+0	-9.42911565E-1
-2.22718692E+0	-8.88950288E-1
-2.11415982E+0	-8.16797256E-1
-2.00705957E+0	-7.59351313E-1
-1.88374102E+0	-6.94752574E-1
-1.74013209E+0	-6.29532158E-1
-1.61410534E+0	-5.67639410E-1
-1.47361290E+0	-4.94348884E-1
-1.33817768E+0	-4.32964355E-1
-1.19831800E+0	-3.65908056E-1
-1.08871937E+0	-2.92889804E-1
-9.53423977E-1	-2.14558199E-1
-8.15445006E-1	-1.53376386E-1
-6.95431471E-1	-1.00091986E-1
-5.93871593E-1	-4.15081084E-2
-4.72226918E-1	1.83662772E-2
-3.52160215E-1	7.62470588E-2
-2.61504531E-1	1.33430362E-1
-1.63000107E-1	1.85939893E-1
-3.65672559E-2	2.47947678E-1
9.27527621E-2	3.06539387E-1
2.03821748E-1	3.68813604E-1
3.13099176E-1	4.24126953E-1
4.47069556E-1	4.88176048E-1
5.60854733E-1	5.59778988E-1
6.84416711E-1	6.22538924E-1
8.23271751E-1	6.84084296E-1
9.71169770E-1	7.52156377E-1
1.08743072E+0	8.11433017E-1
1.20663333E+0	8.67304325E-1
1.32347906E+0	9.24776971E-1
1.44602323E+0	9.89912868E-1
1.55112016E+0	1.04505479E+0
1.70266640E+0	1.10315049E+0
1.82244420E+0	1.16049612E+0
1.95441115E+0	1.22093093E+0
2.08154297E+0	1.27144849E+0
2.20316148E+0	1.32581449E+0
2.32781100E+0	1.38405955E+0
2.45809889E+0	1.43238866E+0
2.58659458E+0	1.48753154E+0
2.71372199E+0	1.54009855E+0
2.84190249E+0	1.59114039E+0
2.95772815E+0	1.63614273E+0
3.07752991E+0	1.68016505E+0
3.18929958E+0	1.72563887E+0
3.31835961E+0	1.77105236E+0
3.44520545E+0	1.81688309E+0
3.55617166E+0	1.85449445E+0
3.66970563E+0	1.89208519E+0
3.79338789E+0	1.93177545E+0
3.89753628E+0	1.96585000E+0
4.01059437E+0	2.00319123E+0
4.13978052E+0	2.04392815E+0
4.25099230E+0	2.07616758E+0
4.35001373E+0	2.10723305E+0
4.45817375E+0	2.13502741E+0
4.54658413E+0	2.15631056E+0
4.63670254E+0	2.18167663E+0
4.71408892E+0	2.20712805E+0
4.81413841E+0	2.22952223E+0
4.88313103E+0	2.24855328E+0
4.95052671E+0	2.26747131E+0
5.00771141E+0	2.28382111E+0
5.04722738E+0	2.29230571E+0
5.07333708E+0	2.29617167E+0
5.08960199E+0	2.30057001E+0
5.09143400E+0	2.29955935E+0
5.07975817E+0	2.29195309E+0
5.06133747E+0	2.28422475E+0
5.03959751E+0	2.27595329E+0
5.01131296E+0	2.26524353E+0
4.98112583E+0	2.24918580E+0
4.93670797E+0	2.23505855E+0
4.89053011E+0	2.21851015E+0
4.84133768E+0	2.19825792E+0
4.79305267E+0	2.17947268E+0
4.72679615E+0	2.15378714E+0
4.66026783E+0	2.12763333E+0
4.59657812E+0	2.09765744E+0
4.50962257E+0	2.06785655E+0
4.42774820E+0	2.03485656E+0
4.34464931E+0	1.99557757E+0
4.24114275E+0	1.95716250E+0
4.14607477E+0	1.91705549E+0
4.03051853E+0	1.86477435E+0
3.93124270E+0	1.81612360E+0
3.81446075E+0	1.76238048E+0
3.66207337E+0	1.70229065E+0
3.53504181E+0	1.64339709E+0
3.38570285E+0	1.57954848E+0
3.25231385E+0	1.52214313E+0
3.11844230E+0	1.44863617E+0
2.97034049E+0	1.36937845E+0
2.80707335E+0	1.29975808E+0
2.64656401E+0	1.22048378E+0
2.49595094E+0	1.15162051E+0
2.35199308E+0	1.09205055E+0
2.21850419E+0	1.01116109E+0
2.09298944E+0	9.41719234E-1
1.96536982E+0	8.80673110E-1
1.81525648E+0	8.12775970E-1
1.67675209E+0	7.46302068E-1
1.56160080E+0	6.81198001E-1
1.42326200E+0	6.18494034E-1
1.28845489E+0	5.38160264E-1
1.15702820E+0	4.69405144E-1
1.02290881E+0	3.95433486E-1
8.53372097E-1	3.13325793E-1
6.86451018E-1	2.29132816E-1
5.36832869E-1	1.52539462E-1
3.67577702E-1	7.68987834E-2
2.06147313E-1	-2.42986362E-2
6.59255609E-2	-1.04538776E-1
-9.42699090E-2	-1.85998499E-1
-2.54657537E-1	-2.55058408E-1
-4.11475748E-1	-3.30909163E-1
-5.50158918E-1	-4.02476400E-1
-6.82879150E-1	-4.66457069E-1
-8.20862710E-1	-5.24444401E-1
-9.46067095E-1	-6.09478474E-1
-1.08210373E+0	-6.71207488E-1
-1.22786927E+0	-7.41569519E-1
-1.38284910E+0	-8.14171553E-1
-1.52938902E+0	-8.88247907E-1
-1.67227328E+0	-9.58209336E-1
-1.84707737E+0	-1.02201557E+0
-1.99496174E+0	-1.10405743E+0
-2.13963294E+0	-1.17041671E+0
-2.31085849E+0	-1.23678589E+0
-2.45285940E+0	-1.29648614E+0
-2.59438562E+0	-1.35273361E+0
-2.73698592E+0	-1.40516579E+0
-2.85617089E+0	-1.45066941E+0
-2.97908330E+0	-1.50857818E+0
-3.10924053E+0	-1.55766118E+0
-3.25264096E+0	-1.61041951E+0
-3.39460921E+0	-1.66176486E+0
-3.53629518E+0	-1.71049488E+0
-3.67578483E+0	-1.74955702E+0
-3.80981636E+0	-1.79344368E+0
-3.93200588E+0	-1.83977485E+0
-4.05233860E+0	-1.88190508E+0
-4.18388176E+0	-1.91765344E+0
-4.28962183E+0	-1.94827378E+0
-4.39519739E+0	-1.97648668E+0
-4.49797201E+0	-2.00619864E+0