3.88158464e+0	1.60248387e+0
3.75017238e+0	1.55158377e+0
3.64496064e+0	1.50553226e+0
3.53444767e+0	1.46128213e+0
3.39388442e+0	1.40808904e+0
3.26287341e+0	1.35028195e+0
3.16206026e+0	1.31120348e+0
3.05935979e+0	1.26598406e+0
2.96178770e+0	1.22099519e+0
2.85241795e+0	1.17142320e+0
2.74160314e+0	1.13318706e+0
2.64259863e+0	1.08405912e+0
2.54537940e+0	1.03954887e+0
2.41864204e+0	9.86181736e-1
2.31254745e+0	9.42050040e-1
2.22186303e+0	8.97031546e-1
2.11329436e+0	8.59373152e-1
2.03071785e+0	8.18389297e-1
1.92954969e+0	7.69255936e-1
1.82537341e+0	7.28271186e-1
1.74434531e+0	6.91370845e-1
1.65536213e+0	6.49044991e-1
1.57641339e+0	6.11380279e-1
1.46703947e+0	5.58191717e-1
1.33246422e+0	5.06256342e-1
1.23091054e+0	4.61669832e-1
1.12013912e+0	4.11509752e-1
1.00928259e+0	3.56852204e-1
8.93224359e-1	3.04674178e-1
7.82955527e-1	2.57192820e-1
6.68892801e-1	2.08479732e-1
5.63869596e-1	1.60772741e-1
4.47096974e-1	1.10348493e-1
3.32526535e-1	5.99188693e-2
2.10107923e-1	2.37901090e-3
1.07509606e-1	-3.65759730e-2
1.57309175e-2	-8.76571387e-2
-1.23358235e-1	-1.46953702e-1
-2.19623357e-1	-1.88542932e-1
-3.22904557e-1	-2.31414527e-1
-4.12294090e-1	-2.76294231e-1
-5.33832490e-1	-3.30311060e-1
-6.41741991e-1	-3.78740937e-1
-7.53361404e-1	-4.38124508e-1
-8.75997484e-1	-4.84576792e-1
-1.01262522e+0	-5.45099676e-1
-1.14233339e+0	-5.97389638e-1
-1.25938523e+0	-6.54001236e-1
-1.37603831e+0	-6.89243674e-1
-1.47721386e+0	-7.53992200e-1
-1.60112691e+0	-8.02811861e-1
-1.73492193e+0	-8.51313472e-1
-1.84240818e+0	-8.97220373e-1
-1.97651899e+0	-9.54346001e-1
-2.12373519e+0	-1.01251447e+0
-2.27548742e+0	-1.06946611e+0
-2.40992045e+0	-1.13820612e+0
-2.54912281e+0	-1.19752645e+0
-2.72404504e+0	-1.25242293e+0
-2.85547233e+0	-1.29437590e+0
-3.00038671e+0	-1.34849548e+0
-3.13370776e+0	-1.39525092e+0
-3.26247692e+0	-1.44511974e+0
-3.38751054e+0	-1.49489069e+0
-3.53449249e+0	-1.54286933e+0
-3.66223383e+0	-1.58730185e+0
-3.80086780e+0	-1.63464677e+0
-3.94498444e+0	-1.67404664e+0
-4.08055449e+0	-1.72486269e+0
-4.23135614e+0	-1.77073324e+0
-4.36032724e+0	-1.80980039e+0
-4.50268078e+0	-1.84962678e+0
-4.63010931e+0	-1.88563085e+0
-4.74940443e+0	-1.91367614e+0
-4.86101389e+0	-1.94757557e+0
-4.98044157e+0	-1.98214793e+0
-5.08560848e+0	-2.01287723e+0
-5.18733311e+0	-2.04117370e+0
-5.29905176e+0	-2.06850195e+0
-5.38922739e+0	-2.08888030e+0
-5.47924662e+0	-2.11093807e+0
-5.56417704e+0	-2.13030100e+0
-5.62695789e+0	-2.14582658e+0
-5.67954683e+0	-2.15795517e+0
-5.71801758e+0	-2.16516256e+0
-5.73656321e+0	-2.16968203e+0
-5.73966742e+0	-2.16805172e+0
-5.72766733e+0	-2.16258168e+0
-5.70944595e+0	-2.15611744e+0
-5.68452883e+0	-2.14635944e+0
-5.64941788e+0	-2.13511515e+0
-5.61049461e+0	-2.12353349e+0
-5.56731367e+0	-2.10867882e+0
-5.51154470e+0	-2.08694053e+0
-5.45580435e+0	-2.06393504e+0
-5.38720655e+0	-2.03975892e+0
-5.31198406e+0	-2.01135206e+0
-5.21004486e+0	-1.97992766e+0
-5.11852741e+0	-1.95153713e+0
-5.01409960e+0	-1.90614700e+0
-4.90339279e+0	-1.86552525e+0
-4.77575493e+0	-1.81892633e+0
-4.65327835e+0	-1.76221871e+0
-4.50828838e+0	-1.70464945e+0
-4.32890177e+0	-1.64496303e+0
-4.15227318e+0	-1.58492780e+0
-3.97855830e+0	-1.49827135e+0
-3.80373812e+0	-1.42984307e+0
-3.60727239e+0	-1.35312724e+0
-3.40782094e+0	-1.25739741e+0
-3.18493295e+0	-1.17585289e+0
-2.95795441e+0	-1.07900977e+0
-2.73019314e+0	-9.76132452e-1
-2.50352073e+0	-8.73851717e-1
-2.25780249e+0	-7.64692605e-1
-2.02618265e+0	-6.55054510e-1
-1.76748717e+0	-5.55552423e-1
-1.52357078e+0	-4.48357940e-1
-1.28766811e+0	-3.27134550e-1
-1.03020620e+0	-2.16332942e-1
-7.96570897e-1	-1.13323770e-1
-5.74646235e-1	-4.02386114e-3
-3.39690000e-1	1.00152776e-1
-8.80522206e-2	1.96920022e-1
1.55196503e-1	3.22625160e-1
3.97999972e-1	4.24421877e-1
6.40405953e-1	5.34951150e-1
8.99823546e-1	6.51223183e-1
1.15499032e+0	7.63943613e-1
1.42808473e+0	8.66867065e-1
1.68256223e+0	9.73746181e-1
1.92879355e+0	1.08660793e+0
2.17564440e+0	1.17764187e+0
2.39274001e+0	1.26574433e+0
2.59573007e+0	1.36110938e+0
2.86417103e+0	1.44104171e+0
3.06845450e+0	1.52173507e+0
3.31274343e+0	1.60590875e+0
3.53525138e+0	1.68236482e+0
3.73940921e+0	1.75643027e+0
3.96912408e+0	1.82358313e+0
4.14817524e+0	1.89109087e+0
4.38753605e+0	1.94303167e+0
4.56546450e+0	2.00621462e+0
4.74600983e+0	2.05371308e+0
4.90081024e+0	2.09563470e+0
5.06149483e+0	2.13924909e+0
5.19764805e+0	2.17886233e+0
5.34335470e+0	2.20386934e+0
5.45827913e+0	2.23892331e+0
5.54996395e+0	2.26167107e+0
5.62178755e+0	2.27594256e+0
5.66386604e+0	2.28141427e+0
5.68324518e+0	2.28889823e+0
5.68494940e+0	2.28492951e+0
5.66782093e+0	2.27877569e+0
5.64109802e+0	2.26984668e+0
5.60655594e+0	2.25689983e+0
5.56243372e+0	2.24351239e+0
5.51501179e+0	2.22572207e+0
5.46113777e+0	2.20788765e+0
5.39051247e+0	2.18122077e+0
5.31940460e+0	2.15667748e+0
5.23830318e+0	2.12545133e+0
5.15166903e+0	2.09508157e+0
5.05168962e+0	2.05893803e+0
4.95176172e+0	2.02500153e+0
4.84959030e+0	1.97868180e+0
4.70891380e+0	1.92916536e+0
4.57579613e+0	1.88205636e+0
4.44276810e+0	1.82585764e+0
4.28554058e+0	1.76294911e+0
4.13421679e+0	1.70581210e+0
3.98605108e+0	1.64835918e+0
3.80817199e+0	1.56181812e+0