-7.03501463e+0	-2.15482116e+0
-7.07346058e+0	-2.16492367e+0
-7.11673021e+0	-2.17023611e+0
-7.14662790e+0	-2.17740941e+0
-7.17527676e+0	-2.18289185e+0
-7.20228386e+0	-2.19025159e+0
-7.23158407e+0	-2.19516611e+0
-7.25019979e+0	-2.19795060e+0
-7.26226997e+0	-2.20078802e+0
-7.27378368e+0	-2.20282888e+0
-7.28034115e+0	-2.20280600e+0
-7.28810740e+0	-2.20430565e+0
-7.28976822e+0	-2.20410323e+0
-7.29052782e+0	-2.20452404e+0
-7.28639889e+0	-2.20227361e+0
-7.28206158e+0	-2.20144606e+0
-7.27002144e+0	-2.19585061e+0
-7.25015879e+0	-2.19193125e+0
-7.23666430e+0	-2.18900824e+0
-7.21462250e+0	-2.18123651e+0
-7.18922567e+0	-2.17495203e+0
-7.16570759e+0	-2.16740751e+0
-7.13815498e+0	-2.15924072e+0
-7.10450745e+0	-2.14932966e+0
-7.06458664e+0	-2.13955665e+0
-7.02403069e+0	-2.12649608e+0
-6.97758961e+0	-2.11370063e+0
-6.92659807e+0	-2.09693837e+0
-6.86671925e+0	-2.08036280e+0
-6.80451965e+0	-2.06180358e+0
-6.73192310e+0	-2.04486418e+0
-6.64458704e+0	-2.02070069e+0
-6.55241442e+0	-1.98673701e+0
-6.45196629e+0	-1.96161222e+0
-6.34266615e+0	-1.92700529e+0
-6.22679806e+0	-1.89024687e+0
-6.08870935e+0	-1.85284197e+0
-5.93867922e+0	-1.80661988e+0
-5.79073334e+0	-1.76245677e+0
-5.60692024e+0	-1.70510375e+0
-5.42417669e+0	-1.64453876e+0
-5.24228716e+0	-1.57967091e+0
-5.04374886e+0	-1.51186252e+0
-4.80872822e+0	-1.44872105e+0
-4.60663605e+0	-1.38430095e+0
-4.37268734e+0	-1.31309617e+0
-4.14865112e+0	-1.22615182e+0
-3.94404268e+0	-1.15471423e+0
-3.72251296e+0	-1.07608044e+0
-3.50223136e+0	-9.99145210e-1
-3.24802327e+0	-9.16598737e-1
-3.01090097e+0	-8.49128485e-1
-2.77631497e+0	-7.50361621e-1
-2.50891399e+0	-6.61152601e-1
-2.25319171e+0	-5.78533471e-1
-2.02065611e+0	-4.84211594e-1
-1.75355613e+0	-3.91407102e-1
-1.45363235e+0	-2.95029551e-1
-1.15560746e+0	-1.93077609e-1
-8.53192568e-1	-1.01106048e-1
-5.65976501e-1	1.48403030e-2
-2.85711408e-1	1.16743736e-1
-1.32094286e-2	2.19764918e-1
2.75937557e-1	3.14683259e-1
5.78097761e-1	4.17699516e-1
8.66729021e-1	5.16952991e-1
1.15205407e+0	6.06858909e-1
1.43280971e+0	7.15310097e-1
1.70397937e+0	8.05865049e-1
1.97350144e+0	8.93832862e-1
2.20978165e+0	9.79355216e-1
2.45624852e+0	1.06043935e+0
2.74299812e+0	1.15023041e+0
3.02452421e+0	1.22843981e+0
3.27380109e+0	1.31201994e+0
3.53015113e+0	1.39152563e+0
3.75341344e+0	1.45948732e+0
3.98300886e+0	1.53892028e+0
4.20421267e+0	1.59822059e+0
4.44042349e+0	1.65695000e+0
4.65474558e+0	1.71464825e+0
4.86159134e+0	1.77315462e+0
5.04884481e+0	1.82495773e+0
5.24378490e+0	1.87152541e+0
5.39705563e+0	1.91715074e+0
5.60597897e+0	1.96325779e+0
5.76965857e+0	1.99986076e+0
5.90185165e+0	2.03357029e+0
6.06710482e+0	2.07126760e+0
6.18776751e+0	2.09955335e+0
6.31750536e+0	2.13155508e+0
6.43044662e+0	2.15794349e+0
6.53711414e+0	2.18316889e+0
6.65652084e+0	2.20310116e+0
6.75626183e+0	2.22764611e+0
6.83420324e+0	2.24442220e+0
6.91113710e+0	2.25995278e+0
6.97733355e+0	2.27557492e+0
7.04415655e+0	2.28766942e+0
7.09693050e+0	2.29856706e+0
7.14723396e+0	2.30627871e+0
7.18917799e+0	2.31671715e+0
7.21948957e+0	2.32104969e+0
7.24347305e+0	2.32448912e+0
7.25699186e+0	2.32669997e+0
7.26325226e+0	2.32769203e+0
7.26558971e+0	2.32846880e+0
7.26034021e+0	2.32598948e+0
7.24788857e+0	2.32100153e+0
7.23268223e+0	2.31720352e+0
7.21511078e+0	2.31209731e+0
7.19414902e+0	2.30715251e+0
7.17330647e+0	2.30107927e+0
7.14825344e+0	2.29291725e+0
7.11643982e+0	2.28601289e+0
7.08295488e+0	2.27702618e+0
7.04514360e+0	2.26557231e+0
7.00739956e+0	2.25535107e+0
6.96777678e+0	2.24367428e+0
6.93013287e+0	2.23433304e+0
6.89556789e+0	2.22308326e+0
6.84917116e+0	2.21169829e+0
6.80108404e+0	2.19677830e+0
6.75402451e+0	2.18327546e+0
6.71220684e+0	2.17158294e+0
6.66315174e+0	2.15604854e+0
6.60308170e+0	2.13974929e+0
6.54003191e+0	2.12218404e+0
6.48548269e+0	2.10204649e+0
6.41193724e+0	2.08245468e+0
6.33556032e+0	2.05956125e+0
6.24957943e+0	2.03608656e+0
6.16481972e+0	2.01162386e+0
6.08502102e+0	1.98742604e+0
6.00120878e+0	1.96160412e+0
5.89841127e+0	1.92274010e+0
5.77609921e+0	1.88801694e+0
5.66927719e+0	1.85612357e+0
5.54656982e+0	1.82011497e+0
5.40786457e+0	1.77607024e+0
5.27270746e+0	1.73411167e+0
5.14768553e+0	1.68890309e+0
5.02576923e+0	1.64666152e+0
4.85776806e+0	1.59707963e+0
4.71027374e+0	1.55143678e+0
4.55807161e+0	1.50413132e+0
4.43134356e+0	1.45994580e+0
4.25984001e+0	1.40649116e+0
4.11262178e+0	1.35131609e+0
3.97087073e+0	1.30347407e+0
3.80522180e+0	1.25218284e+0
3.63731575e+0	1.19245815e+0
3.48348618e+0	1.14595950e+0
3.33330393e+0	1.09740424e+0
3.17846870e+0	1.04151106e+0
3.00909376e+0	9.75677729e-1
2.84667039e+0	9.20252264e-1
2.66432619e+0	8.59886169e-1
2.48566937e+0	7.98812747e-1
2.31488562e+0	7.40069449e-1
2.15485406e+0	6.89968169e-1
2.00307298e+0	6.36327446e-1
1.83740342e+0	5.66634893e-1
1.66034877e+0	5.04993200e-1
1.48407149e+0	4.49676335e-1
1.31004143e+0	3.86514485e-1
1.11451888e+0	3.15209895e-1
9.25063729e-1	2.60493577e-1
7.66010940e-1	2.11881891e-1
6.02692664e-1	1.51954010e-1
4.33215439e-1	8.31051618e-2
2.61675954e-1	2.78855972e-2
1.35524079e-1	-1.70852523e-2
-1.18667521e-2	-7.06203580e-2
-1.69988692e-1	-1.30164072e-1
-3.32877100e-1	-1.81549340e-1
-4.71053630e-1	-2.28429511e-1
-5.96572042e-1	-2.85488307e-1
-7.64108181e-1	-3.44836920e-1
-9.46924865e-1	-4.00895953e-1
-1.10122609e+0	-4.55384195e-1
-1.27657104e+0	-5.12883008e-1
-1.45176685e+0	-5.72558582e-1
-1.62706482e+0	-6.34806991e-1
-1.77687776e+0	-6.79824829e-1
-1.93755257e+0	-7.44277298e-1
-2.15398073e+0	-8.11280608e-1
-2.34014368e+0	-8.71241510e-1
-2.51001525e+0	-9.32746649e-1
-2.68099928e+0	-9.86253917e-1
-2.87138033e+0	-1.04664850e+0
-3.02670765e+0	-1.09252489e+0
-3.16875815e+0	-1.14553297e+0
-3.35338402e+0	-1.20021272e+0
-3.52518463e+0	-1.25247753e+0
-3.67241788e+0	-1.30160403e+0
-3.87629986e+0	-1.36267459e+0
-4.06650686e+0	-1.41887665e+0
-4.27407074e+0	-1.47322178e+0
-4.45443201e+0	-1.54247415e+0
-4.70685625e+0	-1.59868026e+0
-4.88751125e+0	-1.64973760e+0
-5.11023045e+0	-1.70741308e+0
-5.28384399e+0	-1.75374877e+0
-5.48538733e+0	-1.80159771e+0
-5.66718102e+0	-1.84497261e+0
-5.83390999e+0	-1.89301801e+0
-6.01087093e+0	-1.93571651e+0
-6.20403528e+0	-1.98022115e+0
-6.39047527e+0	-2.02067304e+0
-6.56479216e+0	-2.06063676e+0
-6.74108076e+0	-2.09369349e+0
-6.88815069e+0	-2.13118124e+0
-7.00773859e+0	-2.15821147e+0
-7.14140606e+0	-2.17983031e+0
-7.22122097e+0	-2.19526625e+0
-7.27573633e+0	-2.20513988e+0
-7.30821180e+0	-2.21079230e+0