9.42695904e+0	2.18583250e+0
9.55015182e+0	2.20340323e+0
9.66983223e+0	2.21924996e+0
9.75739574e+0	2.23512101e+0
9.84270287e+0	2.25054312e+0
9.91015434e+0	2.26018858e+0
9.99140358e+0	2.27165127e+0
1.00473795e+1	2.27999377e+0
1.00810595e+1	2.28435612e+0
1.01119118e+1	2.28986168e+0
1.01291380e+1	2.29096317e+0
1.01367693e+1	2.29219174e+0
1.01345253e+1	2.29127312e+0
1.01261234e+1	2.28813195e+0
1.01119204e+1	2.28625631e+0
1.01011763e+1	2.28443384e+0
1.00821753e+1	2.28022432e+0
1.00634813e+1	2.27626061e+0
1.00404949e+1	2.27115035e+0
1.00132093e+1	2.26575041e+0
9.98598099e+0	2.26105666e+0
9.95086765e+0	2.25302553e+0
9.91015720e+0	2.24539685e+0
9.87995338e+0	2.23718309e+0
9.84821606e+0	2.22972131e+0
9.80880451e+0	2.22210813e+0
9.76206589e+0	2.21236181e+0
9.70270729e+0	2.19780016e+0
9.65968990e+0	2.19375658e+0
9.62080956e+0	2.18360567e+0
9.58020878e+0	2.17478657e+0
9.53538227e+0	2.16569996e+0
9.47463322e+0	2.15331721e+0
9.42292023e+0	2.14401150e+0
9.37831688e+0	2.13648486e+0
9.33167267e+0	2.12612200e+0
9.27653408e+0	2.11467171e+0
9.21936131e+0	2.09949636e+0
9.14877701e+0	2.08350849e+0
9.08122635e+0	2.07053328e+0
9.02900887e+0	2.06058836e+0
8.96732426e+0	2.04551196e+0
8.90334225e+0	2.03227377e+0
8.83235836e+0	2.01501274e+0
8.73595047e+0	1.99516225e+0
8.65772343e+0	1.97771049e+0
8.57033253e+0	1.96442258e+0
8.49984169e+0	1.94672906e+0
8.42057419e+0	1.93016720e+0
8.34516048e+0	1.91533589e+0
8.26741982e+0	1.89520991e+0
8.16517353e+0	1.87330556e+0
8.07418919e+0	1.85535729e+0
7.99378967e+0	1.83754635e+0
7.92490482e+0	1.82390988e+0
7.86380911e+0	1.81040668e+0
7.78452301e+0	1.79336977e+0
7.70654774e+0	1.77613425e+0
7.61389112e+0	1.75475478e+0
7.49993038e+0	1.72807086e+0
7.36429834e+0	1.69879067e+0
7.25638056e+0	1.67241347e+0
7.15118027e+0	1.65053248e+0
7.03751135e+0	1.62426555e+0
6.93283558e+0	1.60317314e+0
6.83649015e+0	1.57842946e+0
6.68360949e+0	1.54619706e+0
6.55445290e+0	1.51169014e+0
6.43436575e+0	1.48615575e+0
6.30664539e+0	1.45602298e+0
6.16651583e+0	1.42585289e+0
6.03062153e+0	1.39579952e+0
5.87617254e+0	1.35315466e+0
5.69239140e+0	1.31689620e+0
5.54328108e+0	1.28392601e+0
5.38227177e+0	1.23930717e+0
5.21609116e+0	1.20563722e+0
5.02527189e+0	1.16344905e+0
4.86842108e+0	1.12020457e+0
4.70370722e+0	1.08669066e+0
4.54446459e+0	1.04588532e+0
4.37227869e+0	1.00478756e+0
4.17306423e+0	9.60851490e-1
4.00139093e+0	9.21104252e-1
3.82874227e+0	8.79375398e-1
3.65103626e+0	8.27237785e-1
3.40470409e+0	7.75338769e-1
3.20737863e+0	7.28781879e-1
3.00579929e+0	6.83731556e-1
2.81439972e+0	6.37530804e-1
2.61272645e+0	5.89497685e-1
2.38047028e+0	5.36196530e-1
2.13528299e+0	4.78252143e-1
1.92596376e+0	4.28345978e-1
1.71248734e+0	3.77651274e-1
1.44978547e+0	3.14158887e-1
1.25412703e+0	2.64759541e-1
1.06286728e+0	2.19624043e-1
8.33050311e-1	1.65957332e-1
6.09879375e-1	1.13812067e-1
3.69697958e-1	5.86333349e-2
1.47790864e-1	3.10384785e-3
-8.43570903e-2	-5.31103648e-2
-3.10304523e-1	-1.08457990e-1
-6.02644503e-1	-1.64649770e-1
-8.33843827e-1	-2.31709138e-1
-1.09017825e+0	-2.91010171e-1
-1.34131157e+0	-3.57793242e-1
-1.58665395e+0	-4.08327609e-1
-1.79577756e+0	-4.57691312e-1
-2.05363870e+0	-5.12864470e-1
-2.31108546e+0	-5.84031105e-1
-2.54906964e+0	-6.38934195e-1
-2.79041195e+0	-6.96739376e-1
-3.06835771e+0	-7.55270720e-1
-3.30734515e+0	-8.10492754e-1
-3.54579711e+0	-8.65398586e-1
-3.82662344e+0	-9.30079341e-1
-4.13501406e+0	-1.00030673e+0
-4.37318468e+0	-1.05962074e+0
-4.63284111e+0	-1.11097908e+0
-4.89643478e+0	-1.17656505e+0
-5.16936731e+0	-1.22729182e+0
-5.46085215e+0	-1.29202914e+0
-5.76498175e+0	-1.35669506e+0
-6.05467653e+0	-1.41955614e+0
-6.33074713e+0	-1.47325993e+0
-6.58895016e+0	-1.53001189e+0
-6.83812857e+0	-1.57535982e+0
-7.09067917e+0	-1.61934066e+0
-7.33159828e+0	-1.67579615e+0
-7.56714249e+0	-1.71635425e+0
-7.77825546e+0	-1.75955009e+0
-7.99909353e+0	-1.79774749e+0
-8.17919731e+0	-1.83171487e+0
-8.36898422e+0	-1.86532366e+0
-8.58305931e+0	-1.90303075e+0
-8.79609966e+0	-1.94214904e+0
-8.95802307e+0	-1.97058487e+0
-9.14261818e+0	-2.00348949e+0
-9.29550266e+0	-2.02659559e+0
-9.43087864e+0	-2.04719543e+0
-9.58867168e+0	-2.07447147e+0
-9.71955299e+0	-2.09618902e+0
-9.83063126e+0	-2.11361480e+0
-9.93634796e+0	-2.13101172e+0
-1.00151453e+1	-2.14279509e+0
-1.00755415e+1	-2.15188694e+0
-1.01261654e+1	-2.15806293e+0
-1.01515579e+1	-2.16129732e+0
-1.01589708e+1	-2.16146779e+0
-1.01539478e+1	-2.15998578e+0
-1.01378031e+1	-2.15579748e+0
-1.01200857e+1	-2.15207577e+0
-1.01045322e+1	-2.15091944e+0
-1.00837021e+1	-2.14470243e+0
-1.00544090e+1	-2.13873410e+0
-1.00184298e+1	-2.13040304e+0
-9.97330570e+0	-2.12107205e+0
-9.92396641e+0	-2.11197186e+0
-9.86954021e+0	-2.10037041e+0
-9.79548550e+0	-2.08541870e+0
-9.71987820e+0	-2.06831384e+0
-9.63585663e+0	-2.05212474e+0
-9.54061508e+0	-2.03219938e+0
-9.44042587e+0	-2.01184273e+0
-9.32823849e+0	-1.98940456e+0
-9.19818783e+0	-1.95960557e+0
-9.04229736e+0	-1.92642605e+0
-8.88296604e+0	-1.89166307e+0
-8.69232559e+0	-1.85288310e+0
-8.51799679e+0	-1.81577468e+0
-8.29777813e+0	-1.76948261e+0
-8.08212376e+0	-1.71569145e+0
-7.82525063e+0	-1.66698527e+0
-7.56620789e+0	-1.60199904e+0
-7.29324961e+0	-1.54228354e+0
-7.00880480e+0	-1.48196745e+0
-6.73132753e+0	-1.41860223e+0
-6.46594095e+0	-1.35453594e+0
-6.14657068e+0	-1.28390169e+0
-5.84533930e+0	-1.21796548e+0
-5.58697462e+0	-1.15291786e+0
-5.28865957e+0	-1.08718431e+0
-5.00913954e+0	-1.02280450e+0
-4.72795534e+0	-9.53760803e-1
-4.35737658e+0	-8.73573661e-1
-4.05717993e+0	-7.98748791e-1
-3.76104355e+0	-7.29878187e-1
-3.41912556e+0	-6.50458515e-1
-3.12379813e+0	-5.82041383e-1
-2.81381845e+0	-5.06279051e-1
-2.44890642e+0	-4.21371073e-1
-2.12268138e+0	-3.34149539e-1
-1.76843655e+0	-2.57466823e-1
-1.40175414e+0	-1.65644184e-1
-1.07791638e+0	-9.90185440e-2
-7.70253003e-1	-1.33126052e-2
-4.30454999e-1	6.47191033e-2
-2.20199265e-2	1.61943376e-1
3.43589723e-1	2.49732628e-1
6.85626268e-1	3.27860385e-1
1.01675069e+0	4.08592343e-1
1.40174758e+0	5.03359973e-1
1.72858465e+0	5.72231650e-1
2.11520696e+0	6.48060203e-1
2.47648239e+0	7.53251851e-1
2.79728866e+0	8.24912608e-1
3.11966324e+0	8.96901667e-1
3.45019102e+0	9.73115921e-1
3.72047591e+0	1.03368068e+0
4.01452971e+0	1.10059988e+0
4.34747267e+0	1.17883575e+0
4.63868093e+0	1.24242806e+0
4.96556854e+0	1.31236732e+0
5.25478315e+0	1.37837243e+0
5.56405497e+0	1.44056177e+0
5.87119722e+0	1.50454938e+0
6.18055105e+0	1.57316637e+0
6.47559786e+0	1.63155520e+0
6.76877403e+0	1.68932247e+0
7.05054569e+0	1.74352920e+0
7.32805681e+0	1.79868603e+0
7.59238577e+0	1.84787357e+0
7.88108730e+0	1.90393686e+0
8.14831448e+0	1.95472074e+0
8.39261341e+0	1.99797690e+0
8.62388039e+0	2.04376101e+0
8.86314583e+0	2.07891297e+0
9.04286385e+0	2.11160612e+0
9.24994564e+0	2.15046191e+0
9.44595718e+0	2.18416333e+0
9.63661766e+0	2.20818615e+0